 T_A_B :
    0.735988     0.676994  1.63326e-06  1.61513e-06
   -0.676994     0.735988 -1.57412e-06 -1.60156e-06
-2.26773e-06  5.28287e-08            1    -0.129971
           0            0            0            1
  T_B_A :
    0.735988    -0.676994 -2.26773e-06 -2.56771e-06
    0.676994     0.735988  5.28287e-08  9.21599e-08
 1.63326e-06 -1.57412e-06            1     0.129971
          -0           -0           -0            1
